272.95
273.47
275.25
269.43
268.47
269.77
270.14
270.04
269.05
270.37
271.4
269.7
269
268.81
262.82
259.58
258.45
262.77
262.24
252.29
247.45
249.34
247.77
247.66
245.27
254.04
258.06
256.48
256.69
258.02
257.13
255.45
254.63
254.43
255.46
256.87
252.31
254.43
256.08
245.5
237.88
238.99
238.15
236.7
234.07
230.03
226.79
234.35
237.88
239.69
239.78
238.47
229.72
232.14
232.56
230.49
229.31
227.16
227.76
224.9
226.01
230.56
230.89
231.59
232.78
233.33
229.65
227.18
229.35
220.03
213.25
202.92
203.35
202.38
207.57
209.05
211.27
214.05
213.88
213.76
214.15
214.4
212.48
211.18
210.02
210.16
209.11
208.62
211.16
212.41
211.14
210.01
209.95
213.55
212.44
207.82
205.17
201.08
201
201.56
200.3
201.5
201
196.58
195.64
198.42
196.45
199.2
198.78
202.67
201.45
203.92
200.63
202.82
203.27
201.7
200.85
199.95
200.42
200.21
195.27
201.36
202.09
206.86
208.78
211.26
211.45
212.33
212.93
210.79
198.53
197.49
196.25
198.51
198.89
205.35
213.32
212.5
211.21
210.14
209.28
208.37
204.6
199.74
193.16
196.98
194.27
202.14
202.52
198.15
190.42
198.85
172.42
181.46
188.38
203.19
223.89
223.19
222.13
217.9
223.85
221.53
223.75
220.73
218.27
214.1
215.24
212.69
214
213.49
209.68
216.98
220.84
227.48
239.07
235.33
235.74
235.93
238.03
241.84
237.3
240.36
247.04
247.1
245.55
245.83
244.87
244.47
244.6
241.53
236.87
232.62
227.65
227.63
233.22
232.47
232.8
228.01
236
237.59
239.36
238.26
229.86
222.78
223.66
223.83
222.64
229.98
228.26
237.87
233.28
234.4
236.85
242.7
242.21
245
243.36
243.85
250.42
252.2
255.59
259.02
258.2
255.27
254.49
249.79
248.05
253.48
251.04
248.13
247.96
246.49
247.77
246.75
242.84
243.04
243.01
242.65
239.59
237.33
234.93
235.06
232.87
229.87
228.52
229
228.28
228.02
225
228.22