333.6
337.05
333.22
328.85
326.95
327.35
335.53
335.35
337.47
340.31
339.24
337.86
359.91
357.8
353.52
354.12
354.09
357.55
343.4
333.26
329.23
330.63
335.94
339.32
337.51
347.47
348.77
348.31
350.14
346.74
351.48
343.72
352.75
359.42
360.37
354.16
353.27
361.78
364.08
365.9
367.46
362.07
352.73
347.1
349.36
350.55
350.16
354.06
358.66
348.97
344.31
348.5
345.63
356.7
353.96
356.35
354.91
363.21
362.09
353.43
353.43
361.03
357.24
354.85
348.58
351.07
338.43
333.65
341.05
338.27
345.62
338.74
338.85
347.8
357.69
364
370.7
369.47
370.74
371.69
372.46
372.87
367.68
365.79
366.45
361.77
364.18
366.99
363.35
371.43
373.38
382.24
376.93
379.31
378.47
392.1
386.88
385.83
384.95
387.55
382.34
380.12
376.92
378.04
382.68
401.73
391.68
413.68
412.84
416.06
416.26
416.92
415.2
413.91
412.49
403.4
415.09
413.36
412.23
413.1
407.69
414.33
414.03
417.61
420.68
417.125
404.69
399.47
397.4
395.94
383.28
383.99
384.97
382.98
381.06
380.87
374.63
374.98
370.98
368.62
367.72
360.91
351.96
349.91
343.22
348.8
344.19
350.38
350.91
352.47
350.05
364.64
340
340.7
349.07
367.25
385.78
383.2
383.53
385.71
396.15
397.81
403.64
394.47
387.26
389.61
387.89
391.37
399.34
394.74
377.84
438.6
433.66
435.08
449.4
444.78
451.24
446.03
440.72
438.56
437.19
441.5
443.41
444.42
444.32
454.69
456.99
464.11
460.16
459.22
462.76
458.82
451.1
433.07
435.4
437.63
440.23
438.6
437.45
446
441.68
442.84
438.6
435.38
437.28
437.32
436.36
429.99
426.93
417.28
412.71
408.5
405.92
419.58
422.63
431.18
430.57
441
444.68
445.8
446.48
450.16
447.94
446.74
447.17
437.39
441.31
455.23
461.53
465.69
474.63
549.93
547.05
547.93
552.96
538.22
536.49
516.26
516.2
515.93
513.68
525.3
518.73
512.15
504.44
499.5
499.61
499.51
503.37
529.87