237.58
244.2
249.1
248.4
244.41
243.04
250.2
249.32
254
244.22
222.86
230.3
229.25
226.97
224.21
221.09
217.95
222.03
216.48
213.04
214.47
215.57
216.39
220.07
216.37
227.74
225.22
221.78
220.9
219.51
222.41
220.63
219.57
222.17
219.78
218.15
220.21
220.71
227.63
231.48
231.23
231.62
234.05
231.43
228.15
229.95
230.33
238.24
235.84
232.33
235.68
225.99
225.34
229
231.6
229.12
228.71
227.94
228.84
221.95
223.81
228.01
231.49
231.03
230.98
224.56
221.47
221.3
222.69
223.13
222.31
213.75
211.65
214.75
234.11
230.19
231.01
232.79
231.44
232.23
228.29
227.47
229.3
226.13
223.88
223.19
226.35
225.69
225.02
222.26
222.54
219.36
223.47
223.41
219.92
220.46
219.39
223.3
217.12
211.99
212.77
208.47
209.69
212.52
214.82
216.1
212.1
213.24
213.2
217.61
216.98
213.57
207.91
207.23
205.71
206.65
205.01
205.7
204.72
206.02
200.99
203.1
201.12
204.07
206.16
205.59
205.17
210.25
211.37
208.64
193.06
192.08
188.71
185.01
186.35
189.98
190.2
184.42
187.39
187.7
188.99
186.54
180.6
173.18
167.32
172.61
174.33
179.59
182.12
184.87
181.22
191.1
170.66
175.26
171
178.41
196.01
192.17
190.26
192.72
201.36
201.13
205.71
203.26
196.21
194.95
195.54
192.82
195.74
197.95
193.89
198.89
196.59
194.54
199.25
200.7
208.36
203.8
205.02
212.28
208.74
214.35
212.8
212.71
216.58
222.88
226.63
226.65
228.68
230.37
228.93
232.76
233.14
229.15
238.83
236.17
242.06
237.42
237.68
234.64
237.07
238.15
235.42
234.85
235.42
235.01
230.71
225.94
220.66
223.35
217.76
218.46
218.94
222.13
222.11
227.61
224.19
220.22
219.39
221.3
223.75
227.05
229.05
225.06
224.92
223.29
220.52
231.15
232.93
227.46
228.97
230.26
225.04
226.09
227.03
220.55
218.16
213.44
210.71
207.89
205.74
207.86
201.45
197.12
198.38
202.88
204.61
201.7
202.61
211.48