27.97
27.89
27.45
27.12
27.35
27.31
27.94
27.44
26.98
27.835
27.32
28.53
29.28
29.42
29.28
29.3
29.4
29.97
29.57
29.54
29.26
29.72
29.99
29.41
29.46
30.08
30.77
30.6
31.09
30.9
30.4
30.94
31.42
31.49
31.72
31.62
31.61
31.62
31.49
31.59
31.64
32.43
32.29
32.62
33.06
33.4
33.48
33.67
34
33.91
33.95
33.89
34.13
33.97
33.57
33.81
33.68
34.01
34.15
33.6
33.29
33.89
33.43
33.45
32.9
32.94
32.1
31.41
31.67
31.67
32.16
32.51
32.56
32.52
33.23
32.5
32.83
33.53
33.68
35.37
35.79
35.27
35.01
34.54
34.7
34.4
34.72
35.64
34.99
35.42
35.62
36
35.44
35.99
35.83
36.33
35.69
35.32
35.21
34.84
35.21
34.59
34.53
34.26
34.53
35.11
35.01
35.27
35.18
35.62
34.6
34.7
34.22
34.44
34.66
34.33
34.57
34.28
34.63
34.95
34.52
34.59
35.1
35.59
35.44
35.48
35.33
34.56
34.79
34.72
34.25
34.22
34.39
34.49
34.45
34.46
33.82
34.2
33.94
33.77
33.9
33.19
34.47
34.2
33.6
34.01
33.55
34.4
34.15
33.72
33.68
35.18
32.84
33.47
33.38
35.72
36.61
36.72
36.9
36.62
37.37
37.37
36.94
36.6
36.75
36.5
36.09
36.01
35.75
35.43
34.7
35.19
35.95
36.11
37.59
36.27
35.56
35.5
35.98
35.88
35.39
35.1
35.85
36.3
36.24
36.41
36.48
36.35
35.39
35.38
34.9
35.23
34.47
34.37
34.47
33.94
33.55
33.19
33.66
33.25
37.36
37.55
38.23
37.62
37.47
37.11
36.97
36.58
36.31
36.5
36.38
36.45
36.36
37.17
37.18
37.49
37.67
37.42
37.53
37.39
37.93
38.25
38.4
37.98
38.22
37.4
37.86
38.8
38.86
39.92
40.24
39.71
39.53
39.05
43.15
42.79
42.55
42.86
43.29
43.19
42.56
42.64
43.2
43.47
43.5
42.99
42.32
43
42.88
43.48