77.38
73.96
71.71
72.09
71.07
71.04
72.1
72.32
74.45
73.11
72.91
71.33
72.62
71.39
70.63
70.27
70.66
70.72
70.65
70.13
69.09
69.52
68.66
67.46
67.94
69.96
70.33
68.985
68.91
67.92
68.31
68.75
68.42
67.72
67.22
67.85
67.32
67.54
67.75
68.21
68.68
67.72
66.93
67.02
66.53
67.69
68.13
67.34
66.88
66.9
67.99
67.67
67.8
69.09
69.43
68.44
68.39
67.14
67.32
67.02
67.11
66.76
66.95
66.2
69.3
70.4
71.38
70.67
71.79
69.9
69.21
67.52
68.49
67.11
68.08
68.275
67.96
67.92
68.69
68.29
68.62
68.16
68.34
68.05
68.3
67.37
67.18
67.82
67.95
68.76
69.27
68.59
68.93
69.37
68.59
69.1
69.38
68.65
68.95
68.19
67.89
67.38
66.32
65.84
65.33
65.51
64.09
65.1
64.19
65.15
65.9
66.06
64.62
64.39
64.36
63.85
63.04
63.05
63.34
63.75
63.11
63.36
63.2
63.42
63.92
63.62
64.26
61.29
61.78
61.67
59.77
59.71
59.57
59.22
59.32
59.33
58.12
57.73
57.34
56.84
56.71
56.29
55.63
55.04
54.37
55.76
55.76
57.2
57.41
57.33
56.59
58.13
53.19
54.41
54.54
57.31
61.82
61.8
61.71
60.86
61.4
61.8
60.99
60.97
60.3
60.62
61.12
60.3
60.89
60.5
59.67
60.46
60.67
62.06
63.94
63.41
63.96
63.26
63.48
64.11
63.81
64.08
64.27
63.24
63.98
64.67
64.84
64.59
64.87
63.84
62.53
62.43
62.81
62.27
62.27
62.57
61.34
61.04
60.6
60.47
59.55
59.43
59.08
62.23
62.23
61.63
61.03
60.23
59.82
59.98
59.33
58.76
58.74
59.2
58.93
58.77
58.86
59.1
59.2
59.19
59.61
59.98
59.85
58.98
58.52
57.63
57.53
58.52
58.35
58.62
58.85
58.59
58.72
58.95
59.89
60.02
59.62
59.48
59.43
59.21
59.29
59.59
58.74
58.55
57.56
57.5
57.01
57.31
57.46
57.92