279.12
287.43
291.74
290.59
279.7
285.34
284.75
278.06
284.12
281.82
281.9
275.17
268.43
269.93
260.51
253.73
252.53
251.34
257.02
253.79
251.88
251.71
246.19
244.64
237.49
242.21
245.46
247.13
251.51
246.45
246.43
245.54
243.55
244.36
247.18
246.57
247.83
252.34
252.88
255.24
252.33
249.85
251.42
251.76
241.38
240.78
239.56
239.94
234.16
235.17
232.66
231.1
211.99
213.53
212.37
208.21
207.95
209.16
206.72
200.62
200.19
202.49
204.29
204.91
203.82
203.03
204.16
201.63
202.09
197.28
196.92
195.32
195.75
189.95
192.86
197.44
196.43
193.42
194.08
193.2
191.51
192.11
191.15
185.94
184.7
183.77
183.1
182.81
181.31
178.7
177.66
175.16
177.56
180.55
179.76
176.91
177.39
178.27
174.43
171.49
167.74
166.01
167.73
173.98
177.23
177.94
175.88
176.97
178.79
180.01
177.63
174.92
169.81
169.39
167.71
170.37
172.85
172.96
173.38
173.98
169.59
171.98
170.06
165.32
167.87
167.43
165.4
166.81
160.89
159.58
154.38
155.75
152.8
165.2
166.05
165.81
162.79
160.89
162.06
162.42
163.85
161.47
157.72
153.9
149.86
153.36
155.5
158.68
161.47
159.4
155.37
161.06
146.58
149.24
147.74
152.63
158.86
158.88
156.23
156.06
164.08
167.14
172.79
169.93
166.25
165.05
166.28
162.67
166.57
167.62
164.73
169
165.98
167.81
175.75
174.21
174.99
172.61
168.66
172.22
170.21
174.7
177.37
181.19
181.58
186.64
187.13
185.8
186.87
187.88
185.43
187.07
188.2
187.14
193.31
193.3
207.71
202.64
205.6
202.63
197.18
197.07
193.77
201.9
199.58
200.03
199.63
197.55
194.41
196.98
191.05
192.29
193.17
195.39
196.71
197.96
193.13
190.63
190.44
192.69
194.04
197.1
197.57
195.99
192.96
189.7
190.15
197.12
198.16
191.38
193.63
196.71
186.53
177.1
176.49
174.31
176.09
173.02
172.98
170.49
170.82
170.62
169.43
166.57
169.24
177.33
179.58
176.8
173.89
177.35