609.89
609.01
627.08
631.76
621.71
618.94
635.95
627.32
637.71
648.35
666.47
751.67
751.44
750.82
738.36
734
733.41
733.27
732.17
716.915
712.07
717.55
708.65
715.7
705.3
733.51
717.84
713.08
715.66
710.56
727.05
717.34
734.38
743.4
743.75
748.91
760.66
755.4
765.16
778.38
780.25
775.715
779
764.7
755.59
750.9
751.98
765.7
752.3
752.45
748.65
737.05
735.11
738.7
751.11
747.38
754.1
753.3
754.79
739.1
747.72
751.48
767.37
785.23
782.13
780.08
790
765.87
769.3
761.83
771.99
763.46
776.37
750.01
773.44
695.21
700
717.63
712.68
714.8
713.58
704.81
712.965
704.28
701.41
702.91
710.39
720.92
717.51
727.24
732.78
720.67
718.35
719.01
713.57
719.22
738.09
733.63
726.09
708.68
712.2
698.53
682.35
695.77
697.23
702.12
682.87
693.36
694.14
702.4
694.06
697.71
684.62
687.95
666.85
670.9
647.49
645.05
643.58
642.32
627.06
636.57
635.5
637.1
640.43
640.34
643.88
659.36
656.03
639.43
592.49
598.01
596.81
587.31
599.27
597.02
572.21
549
554.44
549.74
547.27
533.15
520.27
500.28
484.66
501.48
502.31
521.52
531.48
543.57
546.29
585.77
510.45
516.25
504.73
531.62
583.93
586
576.36
576.74
602.58
610.98
626.31
618.85
596.25
586
584.06
582.36
604.9
607.6
590.64
619.56
605.71
597.99
625.66
627.93
656.47
640
655.05
668.2
658.24
673.7
657.5
668.13
683.55
694.84
703.77
716.37
736.67
728.56
725.38
719.8
717.4
714.52
711.99
704.87
704.19
697.46
689.18
687
676.49
674.33
659.88
647.49
636.45
623.5
616.46
612.77
611.3
617.12
594.25
608.33
615.86
610.72
617.89
630.2
604.63
599.24
585.51
591.24
599.81
603.35
607.75
599.85
585.25
595.57
597.19
619.44
624.24
620.35
630.79
632.68
619.32
613.57
623.77
608.93
613.78
613.65
592.83
574.32
569.2
573.54
565.11
559.14
563.09
565.52
561.09
554.4
554.08
577.16