503.29
511.14
508.68
506
496.82
497.1
507.16
514.33
517.03
517.81
525.76
541.55
542.07
531.52
523.61
520.56
520.54
517.66
516.79
513.58
511.61
513.43
513.57
514.05
510.96
522.4
524.85
523.98
528.57
517.35
515.74
519.71
517.95
514.6
511.46
507.03
510.15
509.23
514.45
517.93
508.45
510.02
509.04
515.36
509.9
501.01
500.37
498.41
498.2
495
507.97
505.35
505.12
506.69
509.64
506.74
502.04
504.26
507.23
504.24
505.72
509.77
517.1
520.17
522.48
520.58
529.24
521.77
522.04
520.84
524.94
527.75
535.64
524.11
533.5
513.24
512.57
512.5
513.71
510.88
505.87
505.27
510.06
510.05
511.7
505.62
505.82
503.02
503.32
501.48
503.51
496.62
497.72
498.84
491.09
492.05
497.41
495.94
497.45
492.27
490.11
486
477.4
480.24
478.04
479.14
474.96
478.87
472.62
470.92
472.75
470.38
467.68
463.87
462.97
461.97
460.36
458.68
457.36
460.69
450.18
454.86
452.57
458.17
458.87
454.27
453.13
452.94
449.14
449.26
438.73
438.17
433.35
433.31
436.17
435.28
425.4
395.26
394.04
391.16
391.85
387.3
374.39
366.82
359.12
367.78
371.61
385.73
387.81
388.45
381.35
390.49
354.56
357.86
359.84
373.11
382.14
382.19
375.39
378.8
390.58
389.97
395.16
393.08
391.26
386.84
387.82
383.52
388.7
388.56
378.77
383.27
380.45
380.16
393.31
396.89
401.02
388.61
388.49
396.99
392.53
399.73
397.9
404
408.21
416.13
414.77
409.64
408.43
410.54
409.04
411.44
412.22
409.75
415.82
413.29
412.37
410.92
415.06
414.99
442.33
447.2
434.56
444.06
446.71
446.2
428.5
429.03
424.58
426.31
415.67
417.19
418.95
424.56
422.37
427.85
423.35
418.58
421.5
424.83
430.53
438.11
439.33
435.25
436.6
437.03
437.39
454.46
451.59
447.27
449.56
448.99
443.33
446.02
443.57
442.62
437.42
431.2
430.98
423.46
422.99
427.99
418.79
417
412.87
415.49
417.79
415.76
415
426.89