1154.23
1157.5
1136.44
1120.07
1103.66
1097.02
1098.46
1092.96
1100.09
1118.86
1089
1100.41
1102.5
1094.56
1094.69
1113.59
1116.37
1241.35
1238.56
1199.36
1183.59
1203.29
1215.35
1219.03
1220.08
1231.07
1214.25
1191.06
1163.31
1153.32
1162.53
1170.9
1198.92
1206.41
1210.61
1208.24
1203.95
1218.47
1227.37
1226.97
1207.78
1228.5
1200.51
1202.26
1188.44
1203.5
1247.71
1263.25
1244.76
1243.82
1257.48
1226.18
1214.11
1208.25
1231.45
1223.5
1226.09
1218.07
1204.65
1206.21
1213.86
1214.15
1245.09
1238.95
1230.56
1204.44
1225.28
1218.31
1211.64
1180.37
1178.48
1147.87
1170.99
1158.6
1159.4
1184.2
1168.74
1174.6
1180.49
1180.76
1176.78
1190.08
1233.27
1209.24
1274.17
1250.31
1260.27
1261.95
1245.11
1250.59
1288.28
1275.31
1289.62
1297.18
1284.86
1293.6
1339.13
1323.12
1306.67
1275.25
1279.11
1253.54
1231.41
1222.29
1220.67
1225.35
1212.15
1215.03
1219.88
1203.62
1224.46
1241.475
1250.52
1239.66
1217.94
1218.98
1207.23
1184.86
1208.55
1211.57
1185.39
1187.97
1194.63
1192.02
1191.64
1191.53
1177.98
1150.99
1138.44
1110
1140.22
1144.43
1155.41
1137.69
1134.06
1156.49
1133.47
1131.72
1125.64
1110.38
1101.53
1096.87
1049.59
1040.34
987.91
973.03
961.63
976.28
931.28
918.29
921.17
945.47
870.4
867.83
855.86
917.05
935.52
928.38
932.53
933.85
976.72
970.65
997.28
971.99
960.29
950.84
959.49
929.98
950.02
918
890.17
919.68
895.1
866.68
891.11
906.36
990.92
972.58
973.7
980.56
963.07
990.06
977.24
988.47
1003.15
1024.54
1043.33
1035.85
1058.6
1043.69
1027.31
1008.08
1027.6
1013.93
1015.68
1011.11
994.87
978.94
976.76
973.24
978.15
971.83
971.89
977.59
984.86
953.99
869.68
858.1
842.37
848.26
828.4
840.29
837.69
875
879.19
881.79
881.05
886.73
891.32
900.43
907.55
924.14
932.12
911.45
909.05
902.04
889.55
919.13
921.08
918.87
925.55
936.56
913.35
913.69
934.74
917.87
911.06
902.17
897.74
886.81
877.34
872.6
865.59
897.79
897.48
883.85
871.32
847.05
823.96
837.26