401.99
430.6
439.62
445.23
429.52
445.91
462.07
444.26
468.37
456.56
440.1
461.51
460.55
452.42
433.72
448.98
438.97
442.6
447.43
439.31
428.75
435.15
429.24
435.9
413.49
435.54
438.69
433.09
453.25
429.83
436
459.46
444.72
443.21
440.4
423.39
442.79
425.85
434.21
426.07
416.85
425.86
421.62
410.04
395.94
368.81
347.79
346.97
346.4
350.84
338.53
334.09
329.36
333.87
345.98
349.6
351.67
346.6
340.01
320.11
323.9
329.31
335.16
330.56
335.58
339.38
340.84
339.03
329.65
322.27
319.91
308.72
309.26
302.63
308.27
319.04
321.2
325.59
316.06
305.3
332.56
332.11
328.49
329.65
319.41
321.67
310.78
316.9
313.51
309.87
295.88
297.81
293.94
315.35
315.65
300.71
317.66
323.63
325.78
327.55
340.47
348.68
322.16
322.05
316.35
329.13
325.31
319.11
326.43
326.09
308.58
295.14
284.7
332.05
344.27
342.69
346.46
358.43
356.9
362.89
339.34
341.04
334.62
343.82
342.09
349.98
342.82
347.68
334.07
318.38
298.26
284.82
276.22
275.35
280.26
287.21
280.52
282.16
292.03
285.88
284.95
259.51
250.74
237.97
227.5
241.37
241.55
254.11
252.35
252.31
252.4
272.2
221.86
233.29
239.43
267.28
282.76
268.46
259.16
263.55
273.13
272.06
288.14
278.39
248.71
236.26
235.86
225.31
238.01
249.98
240.68
248.09
230.58
222.15
262.67
263.45
279.1
272.04
284.65
292.98
281.95
290.8
302.8
330.53
337.8
354.4
360.56
354.11
355.84
355.94
336.51
328.5
350.73
361.62
374.32
378.17
392.21
383.68
404.6
400.28
389.1
398.09
397.15
406.58
412.38
415.11
424.07
426.5
413.82
428.22
396.36
403.31
394.74
394.94
394.36
411.05
410.44
379.28
403.84
417.41
431.66
454.13
462.28
430.6
421.06
436.17
440.13
479.86
463.02
436.23
418.1
424.77
400.99
389.79
389.22
369.49
357.93
351.42
357.09
345.16
332.89
338.23
338.59
352.56
339.64
342.03
346
338.74
320.72
311.18